% time     seconds  usecs/call     calls    errors syscall
------ ----------- ----------- --------- --------- ------------------
 64,71   29,089191         883     32940      3320 futex
  9,53    4,282788      101971        42           wait4
  7,21    3,242993          94     34149        18 epoll_pwait
  6,64    2,982646         120     24716        35 nanosleep
  2,70    1,212353          39     30601        49 read
  2,01    0,901806          28     31863           fcntl
  0,97    0,437349          22     19794      1005 newfstatat
  0,89    0,401939          33     11862           sendmsg
  0,71    0,319470          18     17115           getrandom
  0,68    0,307659          27     11274       253 openat
  0,54    0,243391          21     11215           close
  0,49    0,219378          40      5414      5221 epoll_ctl
  0,46    0,206849        6894        30         2 waitid
  0,38    0,172377          22      7719      2739 recvmmsg
  0,36    0,162222        1763        92           pipe2
  0,29    0,131692          68      1912           getpid
  0,25    0,112894          40      2798           sched_yield
  0,20    0,090007           2     32309           lseek
  0,17    0,075008          39      1884           tgkill
  0,13    0,058566          26      2237       200 rt_sigreturn
  0,10    0,045475         247       184           copy_file_range
  0,09    0,040321         268       150           clone
  0,08    0,034742          83       415           getdents64
  0,06    0,028940          46       622           fstat
  0,06    0,028247          15      1791           mmap
  0,06    0,026298          15      1751           write
  0,03    0,013730          39       349           madvise
  0,03    0,013598         755        18         2 restart_syscall
  0,03    0,012830          15       831           pread64
  0,02    0,010814          52       206        12 unlinkat
  0,02    0,008929          14       612           rt_sigprocmask
  0,02    0,007546           3      2481      2456 readlink
  0,01    0,003969          12       318           sigaltstack
  0,01    0,003938          32       120           flock
  0,01    0,003676           0      4326           rt_sigaction
  0,01    0,003366          59        57           munmap
  0,01    0,003175          11       281           gettid
  0,00    0,002230           8       255           mprotect
  0,00    0,001428          27        52         9 execve
  0,00    0,001425           3       362           brk
  0,00    0,001124          80        14           clone3
  0,00    0,000681          29        23           getrlimit
  0,00    0,000510          56         9           timer_delete
  0,00    0,000449          21        21           unlink
  0,00    0,000362           1       241       142 access
  0,00    0,000336           9        35           rseq
  0,00    0,000270          20        13           timer_create
  0,00    0,000223          17        13           timer_settime
  0,00    0,000200           5        35           set_robust_list
  0,00    0,000157           3        50           getcwd
  0,00    0,000156          11        14           vfork
  0,00    0,000127           1        87        87 ioctl
  0,00    0,000112           4        23           faccessat2
  0,00    0,000091           3        23         2 setsockopt
  0,00    0,000086           1        51           setrlimit
  0,00    0,000081          16         5           socket
  0,00    0,000079           5        14           getsockopt
  0,00    0,000079          39         2           fallocate
  0,00    0,000066           1        56           prlimit64
  0,00    0,000053          17         3           ftruncate
  0,00    0,000052           4        13           sysinfo
  0,00    0,000051          12         4           bind
  0,00    0,000050          12         4           mkdirat
  0,00    0,000036           0        64        21 arch_prctl
  0,00    0,000035           0        90           dup3
  0,00    0,000031           1        25           sched_getaffinity
  0,00    0,000025           6         4           chmod
  0,00    0,000017           0        21           set_tid_address
  0,00    0,000016           8         2           setitimer
  0,00    0,000016           5         3           epoll_create1
  0,00    0,000015           1         8           umask
  0,00    0,000014           7         2         2 statfs
  0,00    0,000012           1         7           getrusage
  0,00    0,000010           5         2           getsockname
  0,00    0,000009           9         1           utimensat
  0,00    0,000004           2         2           uname
  0,00    0,000000           0         1           readlinkat
------ ----------- ----------- --------- --------- ------------------
100,00   44,950890         151    296132     15575 total